526784 1447078
518021 1409091
526784 1368182
538468 1333117
533047 1300974
519284 1274675
496337 1239610
481732 1204545
477970 1169481
500916 1156104
526784 1446656
552652 1409091
576019 1374026
590624 1333117
591045 1298052
593966 1257143
586045 1219156
565177 1187013
534310 1162792
498837 1155682
437918 1311818
414550 1300130
379499 1277175
356131 1251299
341526 1213312
338605 1178247
341105 1143182
359052 1116883
382420 1099351
414550 1086818
446681 1077630
475470 1070519
516784 1063831
560598 1056721
598571 1051266
645306 1046234
693305 1039091
714593 1019026
721303 976006
727566 921753
738855 896266
773880 845779
784722 801948
790985 749351
794327 699675
797248 652922
1043846 655422
1047188 868344
876930 842045
909482 657922
1185737 1713636
1112712 1029870
1017979 1036948
985427 983117
981269 889221
873193 868766
881956 945130
987111 1038636
411681 1829675
405839 1789610
394155 1754545
382471 1719481
382050 1687338
402918 1661461
423365 1649351
449653 1649351
473442 1655195
487626 1681494
505152 1701948
519757 1722403
540203 1742857
557729 1769156
569413 1792532
584018 1815909
437918 1311818
449602 1324351
434997 1341883
417471 1362338
405787 1391558
397024 1414935
402866 1437890
417471 1461266
443760 1480455
467128 1486299
496337 1477955
513021 1441234
519705 1406169
524705 1362338
538468 1321429
519705 1280519
715461 1751201
750513 1751201
797248 1736591
832300 1721981
870272 1701948
908245 1678571
946217 1654773
981269 1631396
1010479 1613442
1038846 1597987
1065135 1572532
1070977 1538312
1068056 1503247
1071398 1470682
1091845 1450227
1115633 1449805
1130238 1462338
1141922 1479870
1150264 1503247
1155685 1526623
1161106 1552922
1166948 1582143
1169869 1611786
1158606 1634740
1141501 1654773
1115633 1675227
1083503 1686494
1051372 1694838
1019242 1704026
975427 1716136
940375 1716981
908245 1719903
876114 1731591
846905 1742857
987111 1038636
1004637 1067857
1010479 1097078
1025083 1120455
1048451 1146753
1074740 1161364
1095187 1184740
1097266 1202273
1076819 1203084
1042609 1182630
1013400 1164253
975427 1147143
922850 1136721
916166 1143831
960822 1150519
1007558 1167630
1051372 1193506
1097687 1222727
1106871 1260714
1099345 1304545
1087661 1341299
1079740 1383052
1063872 1424805
1046346 1468636
1024216 1506201
990822 1532078
940745 1536688
882747 1528766
831011 1515422
779276 1504578
728382 1494578
684568 1485000
641595 1474578
601544 1465000
568992 1446656
558940 1427857
562703 1406981
571887 1386104
584808 1361494
589808 1341883
