506784 1587078
498021 1549091
506784 1508182
518468 1473117
513047 1440974
499284 1414675
476337 1379610
461732 1344545
457970 1309481
480916 1296104
506784 1586656
532652 1549091
556019 1514026
570624 1473117
571045 1438052
573966 1397143
566045 1359156
545177 1327013
514310 1302792
478837 1295682
417523 1447727
392076 1437695
359945 1420584
333657 1392208
319052 1354221
315710 1319156
318210 1284091
335736 1257792
359103 1234416
391234 1222727
426286 1211461
455495 1193506
483863 1165130
513494 1137987
551887 1108766
589860 1082468
621990 1056169
657042 1024026
686252 986039
703777 939286
712540 895455
730066 860390
759276 819481
773880 787338
788485 737662
797248 661688
1057214 658766
1057214 848701
870272 804870
899482 658766
1182816 1710714
1121475 974351
995874 988961
975427 910065
987111 863312
849826 834091
858588 904221
943296 991883
411681 1829675
405839 1789610
394155 1754545
382471 1719481
382050 1687338
402918 1666461
423365 1656851
449653 1656851
473442 1662695
487626 1681494
505152 1701948
519757 1722403
540203 1742857
557729 1769156
569413 1792532
584018 1815909
417918 1446818
427102 1459351
417497 1479383
409971 1504838
403287 1536558
404524 1569935
410366 1597890
424971 1623766
448760 1635455
472128 1636299
493837 1625455
500521 1588734
499705 1551169
504705 1504838
518468 1461429
499705 1415519
715461 1750779
750513 1751201
797248 1736591
835221 1721558
873193 1703604
914087 1683571
952059 1663539
992953 1651851
1033846 1640162
1060135 1628052
1083082 1611364
1092266 1579221
1091424 1547078
1091424 1512013
1097266 1474026
1121475 1464416
1144843 1471104
1159448 1491558
1165290 1520779
1168211 1558766
1171132 1585065
1174474 1611364
1176974 1649351
1176974 1678571
1159448 1701104
1130238 1712792
1089345 1712792
1051372 1712792
1016321 1716136
978348 1724481
943296 1724481
908245 1721558
879035 1730747
846905 1742435
940375 991883
945796 1038636
943296 1085390
937875 1123377
940375 1167208
949559 1208117
949559 1243182
933692 1265292
919929 1237338
911166 1208117
905324 1173052
893640 1135065
881956 1094156
841063 1181818
870272 1199351
891561 1222727
899482 1263636
876114 1307468
887798 1345455
907824 1383442
922850 1430195
922429 1471104
914087 1523701
901982 1567532
881535 1617208
852747 1663961
822695 1692760
782643 1719058
741750 1730325
697935 1727825
654121 1701948
630753 1678149
601544 1655195
578597 1628474
546466 1604675
522677 1582143
534361 1553766
548966 1530390
560650 1509091
566492 1488636
