506784 1587078
498021 1549091
506784 1508182
518468 1473117
513047 1440974
499284 1414675
476337 1379610
461732 1344545
457970 1309481
480916 1296104
506784 1586656
532652 1549091
556019 1514026
570624 1473117
571045 1438052
573966 1397143
566045 1359156
545177 1327013
514310 1302792
478837 1295682
417523 1447727
392076 1437695
359945 1420584
333657 1392208
319052 1354221
315710 1319156
318210 1284091
335736 1257792
359103 1234416
391234 1222727
426286 1211461
455495 1193506
483863 1165130
513494 1137987
551887 1108766
589860 1082468
621990 1056169
657042 1024026
686252 986039
703777 939286
712540 895455
730066 860390
759276 819481
773880 787338
788485 737662
797248 661688
1057214 658766
1057214 848701
870272 804870
899482 658766
1182816 1710714
1121475 974351
995874 988961
975427 910065
987111 863312
849826 834091
858588 904221
943296 991883
411681 1830097
382471 1786688
362024 1748701
338657 1704870
336999 1661851
353708 1632208
387102 1611364
427574 1611786
465100 1625162
479705 1652305
494731 1681104
512677 1709481
532703 1732435
553150 1756234
566913 1787110
584439 1815487
417523 1447727
426286 1459416
402918 1474026
367866 1494481
346157 1524545
341578 1564610
354103 1601753
385392 1628896
420444 1631818
452153 1619708
475521 1602175
493468 1578377
499310 1544156
507652 1497403
516836 1459416
499310 1415584
715461 1751201
750934 1751201
797248 1736591
834800 1719058
867351 1699026
902403 1675649
934534 1649351
957901 1623052
981269 1593831
1003374 1558766
1021321 1524123
1033004 1490747
1038846 1454026
1044688 1419805
1055951 1393474
1074740 1380519
1098108 1387208
1112712 1409740
1118133 1433117
1118133 1459416
1118554 1488636
1117291 1513701
1115212 1544156
1109791 1567532
1097687 1593409
1080161 1619708
1062635 1643084
1045530 1666461
1016321 1684416
978348 1696104
943296 1701948
902403 1710292
876114 1725325
846484 1742435
940375 991883
945796 1038636
943296 1085390
937875 1123377
940375 1167208
949559 1208117
949559 1243182
933692 1265292
919929 1237338
911166 1208117
905324 1173052
893640 1135065
881956 1094156
841063 1181818
870272 1199351
891561 1222727
899482 1263636
876114 1307468
887798 1345455
907824 1383442
922850 1430195
922429 1471104
914087 1523701
901982 1567532
881535 1617208
852747 1663961
822695 1692760
782643 1719058
741750 1730325
697935 1727825
654121 1701948
630753 1678149
601544 1655195
578597 1628474
546466 1604675
522677 1582143
534361 1553766
548966 1530390
560650 1509091
566492 1488636
