481784 1587078
473021 1549091
481784 1508182
493468 1473117
488047 1440974
474284 1414675
451337 1379610
436732 1344545
432970 1309481
455916 1296104
481784 1586656
507652 1549091
531019 1514026
545624 1473117
546045 1438052
548966 1397143
541045 1359156
520177 1327013
489310 1302792
453837 1295682
392918 1451818
369550 1440130
334499 1417175
311131 1391299
296526 1353312
293605 1318247
296105 1283182
314052 1256883
337420 1239351
369550 1221818
401681 1210130
430470 1198019
471784 1183831
515598 1169221
553571 1156266
600306 1136234
655805 1104091
692093 1056526
718803 993506
727566 921753
738855 896266
773880 845779
784722 801948
790985 749351
794327 699675
797248 652922
1043846 655422
1047188 868344
876930 842045
909482 657922
1185737 1713636
1112712 1039870
1017979 1046948
985427 983117
981269 889221
873193 868766
881956 945130
974611 1056136
411681 1829675
405839 1789610
394155 1754545
382471 1719481
382050 1687338
402918 1661461
423365 1649351
449653 1649351
473442 1655195
487626 1681494
505152 1701948
519757 1722403
540203 1742857
557729 1769156
569413 1792532
584018 1815909
392918 1451818
404602 1464351
389997 1481883
372471 1502338
360787 1531558
352024 1554935
357866 1577890
372471 1601266
398760 1620455
422128 1626299
451337 1617955
468021 1581234
474705 1546169
479705 1502338
493468 1461429
474705 1420519
715461 1751201
750934 1751201
797248 1736591
834800 1719058
867351 1699026
902403 1675649
934534 1649351
957901 1623052
981269 1593831
1003374 1558766
1021321 1524123
1033004 1490747
1038846 1454026
1044688 1419805
1055951 1393474
1074740 1380519
1098108 1387208
1112712 1409740
1118133 1433117
1118133 1459416
1118554 1488636
1117291 1513701
1115212 1544156
1109791 1567532
1097687 1593409
1080161 1619708
1062635 1643084
1045530 1666461
1016321 1684416
978348 1696104
943296 1701948
902403 1710292
876114 1725325
846484 1742435
975427 1059513
992953 1088734
998795 1115032
1013400 1141331
1039688 1161786
1065977 1182240
1083503 1211461
1092266 1237760
1068898 1240682
1033846 1223149
1001716 1202695
966664 1184740
911166 1175974
908245 1181818
952059 1187662
995874 1205195
1039688 1231494
1066424 1250714
1060977 1278247
1040951 1311234
1033425 1351721
1020900 1390552
1000874 1425617
982506 1456948
961638 1484903
927850 1514935
887798 1537468
849826 1552078
808932 1566688
762197 1592987
718382 1619286
668726 1638896
627832 1647662
581097 1650584
546045 1653506
519757 1650584
499310 1613442
505152 1573377
531440 1523701
543124 1479870
