1.290891000000000000e+06 6.646100000000000000e+05
1.285049000000000000e+06 6.967530000000000000e+05
1.282128000000000000e+06 7.230520000000000000e+05
1.279207000000000000e+06 7.493510000000000000e+05
1.279207000000000000e+06 7.814940000000000000e+05
1.276286000000000000e+06 8.253250000000000000e+05
1.276286000000000000e+06 8.633120000000000000e+05
1.279207000000000000e+06 8.925320000000000000e+05
1.282549000000000000e+06 9.334420000000000000e+05
1.282128000000000000e+06 9.655840000000000000e+05
1.288391000000000000e+06 1.009416000000000000e+06
1.290891000000000000e+06 1.044481000000000000e+06
1.296733000000000000e+06 1.079545000000000000e+06
1.300075000000000000e+06 1.114610000000000000e+06
1.306338000000000000e+06 1.161364000000000000e+06
1.311759000000000000e+06 1.202273000000000000e+06
1.317180000000000000e+06 1.251948000000000000e+06
1.323022000000000000e+06 1.287013000000000000e+06
1.328864000000000000e+06 1.322078000000000000e+06
1.334706000000000000e+06 1.357143000000000000e+06
1.340548000000000000e+06 1.383442000000000000e+06
1.346390000000000000e+06 1.418506000000000000e+06
1.349311000000000000e+06 1.447727000000000000e+06
1.352232000000000000e+06 1.474026000000000000e+06
1.157764000000000000e+06 6.587660000000000000e+05
1.155264000000000000e+06 6.938310000000000000e+05
1.149843000000000000e+06 7.347400000000000000e+05
1.150264000000000000e+06 7.639610000000000000e+05
1.151106000000000000e+06 7.931820000000000000e+05
1.150685000000000000e+06 8.224030000000000000e+05
1.150685000000000000e+06 8.545450000000000000e+05
1.149843000000000000e+06 8.942210000000000000e+05
1.150685000000000000e+06 9.275970000000000000e+05
1.153606000000000000e+06 9.772730000000000000e+05
1.156948000000000000e+06 1.012338000000000000e+06
1.162369000000000000e+06 1.059091000000000000e+06
1.165711000000000000e+06 1.097078000000000000e+06
1.168211000000000000e+06 1.132143000000000000e+06
1.174474000000000000e+06 1.170130000000000000e+06
1.180316000000000000e+06 1.211039000000000000e+06
1.185737000000000000e+06 1.251948000000000000e+06
1.191578000000000000e+06 1.287013000000000000e+06
1.200341000000000000e+06 1.316234000000000000e+06
1.212025000000000000e+06 1.345455000000000000e+06
1.226630000000000000e+06 1.377597000000000000e+06
1.244156000000000000e+06 1.409740000000000000e+06
1.252919000000000000e+06 1.436039000000000000e+06
1.261261000000000000e+06 1.468182000000000000e+06
1.261261000000000000e+06 1.469838000000000000e+06
1.270445000000000000e+06 1.489870000000000000e+06
1.282128000000000000e+06 1.504481000000000000e+06
1.302575000000000000e+06 1.513247000000000000e+06
1.325943000000000000e+06 1.512825000000000000e+06
1.343469000000000000e+06 1.495292000000000000e+06
1.352232000000000000e+06 1.475260000000000000e+06
1.179895000000000000e+06 1.211039000000000000e+06
1.203262000000000000e+06 1.222727000000000000e+06
1.232472000000000000e+06 1.234416000000000000e+06
1.258761000000000000e+06 1.231494000000000000e+06
1.287970000000000000e+06 1.225649000000000000e+06
1.308417000000000000e+06 1.216883000000000000e+06
1.176553000000000000e+06 1.184740000000000000e+06
1.197420000000000000e+06 1.187662000000000000e+06
1.223709000000000000e+06 1.190584000000000000e+06
1.255840000000000000e+06 1.190584000000000000e+06
1.285049000000000000e+06 1.184740000000000000e+06
1.308417000000000000e+06 1.175974000000000000e+06
1.161948000000000000e+06 1.067857000000000000e+06
1.191578000000000000e+06 1.070779000000000000e+06
1.214946000000000000e+06 1.073701000000000000e+06
1.241235000000000000e+06 1.070779000000000000e+06
1.267524000000000000e+06 1.064935000000000000e+06
1.290891000000000000e+06 1.053247000000000000e+06
1.159448000000000000e+06 1.024026000000000000e+06
1.179895000000000000e+06 1.026948000000000000e+06
1.209104000000000000e+06 1.026948000000000000e+06
1.235393000000000000e+06 1.026948000000000000e+06
1.258761000000000000e+06 1.026948000000000000e+06
1.285049000000000000e+06 1.018182000000000000e+06
1.150685000000000000e+06 9.012990000000000000e+05
1.171132000000000000e+06 9.129870000000000000e+05
1.200341000000000000e+06 9.188310000000000000e+05
1.226630000000000000e+06 9.188310000000000000e+05
1.252919000000000000e+06 9.129870000000000000e+05
1.276286000000000000e+06 9.042210000000000000e+05
1.150685000000000000e+06 8.574680000000000000e+05
1.176974000000000000e+06 8.662340000000000000e+05
1.200341000000000000e+06 8.720780000000000000e+05
1.229551000000000000e+06 8.750000000000000000e+05
1.252919000000000000e+06 8.750000000000000000e+05
1.276707000000000000e+06 8.691560000000000000e+05
1.150685000000000000e+06 7.581170000000000000e+05
1.174053000000000000e+06 7.668830000000000000e+05
1.200341000000000000e+06 7.698050000000000000e+05
1.229551000000000000e+06 7.727270000000000000e+05
1.252919000000000000e+06 7.727270000000000000e+05
1.276286000000000000e+06 7.639610000000000000e+05
1.156527000000000000e+06 7.172080000000000000e+05
1.179895000000000000e+06 7.259740000000000000e+05
1.209104000000000000e+06 7.318180000000000000e+05
1.241235000000000000e+06 7.318180000000000000e+05
1.261682000000000000e+06 7.288960000000000000e+05
1.282128000000000000e+06 7.230520000000000000e+05
1.013400000000000000e+06 1.893117000000000000e+06
1.054293000000000000e+06 1.866818000000000000e+06
1.089345000000000000e+06 1.840519000000000000e+06
1.132317000000000000e+06 1.814221000000000000e+06
1.174053000000000000e+06 1.787922000000000000e+06
1.216604000000000000e+06 1.752857000000000000e+06
1.243314000000000000e+06 1.723636000000000000e+06
1.266261000000000000e+06 1.685649000000000000e+06
1.298391000000000000e+06 1.653506000000000000e+06
1.343864000000000000e+06 1.630130000000000000e+06
1.338864000000000000e+06 1.668117000000000000e+06
1.328864000000000000e+06 1.705260000000000000e+06
1.325943000000000000e+06 1.746169000000000000e+06
1.325943000000000000e+06 1.783312000000000000e+06
1.325943000000000000e+06 1.825877000000000000e+06
1.325943000000000000e+06 1.864318000000000000e+06
1.324680000000000000e+06 1.898961000000000000e+06
1.322601000000000000e+06 1.931104000000000000e+06
1.318838000000000000e+06 1.966169000000000000e+06
1.318838000000000000e+06 1.998312000000000000e+06
1.074740000000000000e+06 1.849286000000000000e+06
1.115633000000000000e+06 1.840519000000000000e+06
1.162369000000000000e+06 1.834675000000000000e+06
1.200341000000000000e+06 1.831753000000000000e+06
1.235393000000000000e+06 1.834675000000000000e+06
1.264603000000000000e+06 1.852208000000000000e+06
1.293812000000000000e+06 1.875584000000000000e+06
1.323022000000000000e+06 1.881429000000000000e+06
1.321733000000000000e+06 1.944026000000000000e+06
1.281682000000000000e+06 1.934448000000000000e+06
1.247472000000000000e+06 1.940714000000000000e+06
1.210762000000000000e+06 1.951981000000000000e+06
1.196999000000000000e+06 1.972013000000000000e+06
1.194499000000000000e+06 2.000390000000000000e+06
1.184895000000000000e+06 1.712792000000000000e+06
1.120212000000000000e+06 1.787922000000000000e+06
1.063056000000000000e+06 1.790000000000000000e+06
1.028004000000000000e+06 1.820065000000000000e+06
4.788630000000000000e+05 1.630487000000000000e+06
4.788630000000000000e+05 1.656429000000000000e+06
4.905470000000000000e+05 1.682727000000000000e+06
5.109940000000000000e+05 1.711948000000000000e+06
5.343610000000000000e+05 1.732403000000000000e+06
5.548080000000000000e+05 1.761623000000000000e+06
5.694130000000000000e+05 1.790844000000000000e+06
5.869390000000000000e+05 1.820065000000000000e+06
4.788630000000000000e+05 1.630065000000000000e+06
5.168360000000000000e+05 1.653084000000000000e+06
5.314400000000000000e+05 1.673961000000000000e+06
5.577290000000000000e+05 1.691494000000000000e+06
5.869390000000000000e+05 1.705260000000000000e+06
6.132270000000000000e+05 1.723636000000000000e+06
6.395160000000000000e+05 1.741169000000000000e+06
6.628840000000000000e+05 1.764545000000000000e+06
5.197570000000000000e+05 1.655584000000000000e+06
5.694130000000000000e+05 1.655584000000000000e+06
5.898600000000000000e+05 1.668117000000000000e+06
6.132270000000000000e+05 1.685649000000000000e+06
6.365950000000000000e+05 1.706104000000000000e+06
6.599630000000000000e+05 1.723636000000000000e+06
6.862520000000000000e+05 1.744091000000000000e+06
7.154610000000000000e+05 1.749935000000000000e+06
4.116810000000000000e+05 1.831331000000000000e+06
4.116810000000000000e+05 1.860974000000000000e+06
3.999970000000000000e+05 1.890195000000000000e+06
3.766290000000000000e+05 1.910227000000000000e+06
3.503410000000000000e+05 1.927338000000000000e+06
3.298940000000000000e+05 1.945292000000000000e+06
3.152890000000000000e+05 1.969091000000000000e+06
3.211310000000000000e+05 1.997045000000000000e+06
