491784 1547078
483021 1509091
491784 1468182
503468 1433117
498047 1400974
484284 1374675
461337 1339610
446732 1304545
442970 1269481
465916 1256104
491784 1546656
517652 1509091
541019 1474026
555624 1433117
556045 1398052
558966 1357143
551045 1319156
530177 1287013
499310 1262792
463837 1255682
402918 1408896
376629 1400130
344499 1377175
321131 1348377
306526 1310390
300263 1278247
309026 1243182
324052 1219805
349920 1199351
376629 1186818
408760 1173052
446732 1158442
478863 1143831
516836 1123377
557729 1097078
595702 1067857
627832 1041558
665805 1006494
692093 980195
709619 936364
715461 880844
718382 828247
732987 793182
756355 761039
773880 699675
779722 652922
1039688 655844
1033846 778571
838142 749351
855668 655844
1182816 1710714
1121475 939286
975427 950974
949138 866234
954980 793182
835221 778571
846905 866234
937455 959740
411681 1827597
386234 1800877
354524 1777500
319052 1748701
300684 1701948
309026 1663539
332815 1634318
367866 1621364
402918 1615942
432128 1625130
452995 1645584
485126 1677727
505152 1704870
534361 1739935
560650 1772078
581097 1815909
402918 1409318
414602 1426429
394155 1444805
350341 1464838
315289 1485714
291079 1520779
289421 1552922
301526 1590065
333657 1610519
379550 1608019
422523 1592987
457574 1569188
475942 1523701
490547 1462338
496389 1406818
478863 1365909
715461 1750779
750513 1751201
797248 1736591
835221 1719058
873193 1696104
914087 1671071
952059 1651039
992953 1639351
1033846 1630162
1060135 1623052
1083082 1611364
1092266 1579221
1091424 1547078
1091424 1512013
1097266 1474026
1121475 1464416
1144843 1471104
1159448 1491558
1165290 1520779
1168211 1558766
1171132 1585065
1174474 1611364
1176974 1649351
1176974 1676071
1159448 1693604
1130238 1702792
1089345 1700292
1051372 1700292
1016321 1701136
978348 1711981
943296 1711981
908245 1714058
879035 1728247
846905 1742435
937034 959740
940375 1000649
943296 1038636
949138 1082468
964164 1120455
985032 1155519
984190 1196851
966243 1211461
951638 1196429
943296 1164286
925771 1129221
914087 1091234
884877 1062013
864430 1158442
893640 1167208
917008 1187662
934534 1213961
934534 1249026
954980 1284091
987111 1316234
1019242 1345455
1042609 1380519
1059714 1424351
1065135 1468182
1059293 1520357
1041767 1566688
1006716 1601753
969164 1625552
931192 1643084
879035 1653506
820616 1650584
771380 1633896
733408 1616364
701698 1592987
677910 1564610
671647 1532468
686673 1500325
695856 1468182
686252 1446883
552308 1446883
